1111111111111111111111111111111111111111111
1244433330000000666666000000000000000000000
1444444444444444446666000000000000000000000
1344333000000066646666000000000000000000000
1340000000000066646666000000000000000000000
1044000000000066646666000000000000000000000
1004400000000066666666000000000000000000000
1000445500000000000000000000000000000000000
1000545555555000000000000000000000000000000
1005544444445550000000000000000000000000000
1005555554545550000000000000000000000000000
1000005554555500000000000000000000000000000
1000000055555000000000000000000000000000000
1000000000000000000000000000000000000000000
1000000000000000000000000000000000000000000
1000000000000000000000000000000000000000000
1000000000000000000000000000000000000000000
1000000000000000000000000000000000000000000
1000000000000000000000000000000000000000000
1000000000000000000000000000000000000000000
1000000000000000000000000000000000000000000
1000000000000000000000000000000000000000000
1000000000000000000000000000000000000000000
1000000000000000000000000000000000000000000
1000000000000000000000000000000000000000000